time_stamp	px_state	py_state	v_state	yaw_angle_state	yaw_rate_state	sensor_type	NIS	px_measured	py_measured	px_ground_truth	py_ground_truth	vx_ground_truth	vy_ground_truth
1477010443000000	0.312243	0.58034	0	0	0	lidar	0	0.312243	0.58034	0.6	0.6	5.19994	0
1477010443050000	0.735424	0.629555	7.20176	3.85118e-017	-5.67458e-017	radar	-0.0929831	0.862916	0.534212	0.859997	0.600045	5.19975	0.00179686
1477010443100000	1.1605	0.494949	7.20483	-0.127208	-0.011871	lidar	0.129523	1.17385	0.481073	1.11998	0.600225	5.19943	0.00538996
1477010443150000	1.25805	0.533072	7.19012	0.122822	0.030752	radar	1.69413	0.969149	0.397513	1.37996	0.600629	5.19898	0.0107781
1477010443200000	1.61578	0.595368	7.20355	0.161605	0.0463985	lidar	0.100026	1.65063	0.62469	1.6399	0.601347	5.19839	0.0179597
1477010443250000	1.8511	0.561816	6.01358	0.0250752	-0.236382	radar	1.03317	1.62331	0.499091	1.89982	0.60247	5.19766	0.0269323
1477010443300000	2.16307	0.591133	6.01313	0.0397474	-0.180055	lidar	0.0454748	2.18882	0.648739	2.1597	0.604086	5.19678	0.0376932
1477010443350000	2.37903	0.636912	5.61377	0.0548155	-0.350643	radar	2.29202	1.96701	0.557117	2.41954	0.606284	5.19573	0.0502389
1477010443400000	2.65657	0.653821	5.61096	0.0433771	-0.327698	lidar	9.74826e-005	2.65526	0.66598	2.67932	0.609155	5.1945	0.0645654
1477010443450000	2.92307	0.647257	5.54653	-0.00503316	-0.484149	radar	0.00106071	2.92034	0.645898	2.93904	0.612786	5.19309	0.080668
1477010443500000	3.15922	0.64259	5.50258	-0.0185288	-0.447747	lidar	1.21055	3.01222	0.637046	3.19869	0.617267	5.19147	0.0985415
1477010443550000	3.44463	0.538546	5.5342	-0.166985	-0.861981	radar	0.121706	3.56096	0.485311	3.45825	0.622685	5.18963	0.11818
1477010443600000	3.74765	0.426276	5.59832	-0.285299	-1.08087	lidar	1.16577	3.89365	0.311793	3.71772	0.62913	5.18754	0.139576
1477010443650000	4.02874	0.510417	5.55829	-0.148169	-0.553172	radar	0.497072	4.19786	0.698311	3.97708	0.636689	5.18519	0.162724
1477010443700000	4.3028	0.502229	5.54113	-0.141041	-0.468903	lidar	0.00229863	4.30935	0.578564	4.23632	0.645449	5.18256	0.187614
1477010443750000	4.56406	0.536915	5.46759	-0.102186	-0.336184	radar	0.0582344	4.61908	0.68951	4.49542	0.655498	5.17962	0.214238
1477010443800000	4.75526	0.642176	5.31582	-0.00224272	-0.0906421	lidar	8.66957	4.35143	0.899174	4.75437	0.666921	5.17634	0.242587
1477010443850000	5.0082	0.639983	5.25914	-0.0118177	-0.105109	radar	0.424022	5.20901	0.66599	5.01315	0.679804	5.1727	0.272649
1477010443900000	5.30891	0.638478	5.30425	-0.0164031	-0.103544	lidar	2.32309	5.51894	0.648233	5.27175	0.694234	5.16867	0.304413
1477010443950000	5.56646	0.646907	5.31055	-0.00924713	-0.0785504	radar	1.28564	5.22834	0.639362	5.53013	0.710295	5.16422	0.337868
1477010444000000	5.85942	0.664722	5.33971	0.000872646	-0.0539352	lidar	1.37993	6.022	0.708619	5.78828	0.728072	5.15932	0.372999
1477010444050000	6.10345	0.589041	5.29116	-0.0564437	-0.151479	radar	0.646263	5.89392	0.373584	6.04618	0.747647	5.15393	0.409793
1477010444100000	6.35999	0.705737	5.26526	0.0238246	-0.00619381	lidar	0.018835	6.34249	0.948833	6.30379	0.769103	5.14803	0.448233
1477010444150000	6.6116	0.737261	5.23161	0.038614	0.0162397	radar	0.0028499	6.62134	0.836138	6.5611	0.792523	5.14157	0.488305
1477010444200000	6.85951	0.736701	5.21796	0.0330345	0.00624052	lidar	0.309812	6.78214	0.714036	6.81808	0.817988	5.13452	0.52999
1477010444250000	7.10549	0.717799	5.16067	0.0136876	-0.02931	radar	0.311342	7.29121	0.630741	7.07469	0.845578	5.12685	0.573269
1477010444300000	7.32773	0.806233	5.11718	0.0644361	0.0518884	lidar	1.90776	7.13735	0.957217	7.3309	0.875373	5.11851	0.618123
1477010444350000	7.61546	0.818313	5.18139	0.0645662	0.0496131	radar	2.56897	8.08349	0.819605	7.58668	0.907449	5.10946	0.664531
1477010444400000	7.86533	0.795726	5.17256	0.0439352	0.0143386	lidar	0.181222	7.80533	0.719126	7.84199	0.941886	5.09966	0.712469
1477010444450000	8.11723	0.812491	5.13507	0.0459664	0.0131359	radar	0.933409	8.40453	0.884557	8.0968	0.978759	5.08907	0.761915
1477010444500000	8.35526	0.831814	5.11524	0.0515598	0.0209097	lidar	0.596505	8.24796	0.840322	8.35106	1.01814	5.07766	0.812843
1477010444550000	8.6192	0.928059	5.1631	0.102859	0.101109	radar	0.0797561	8.45858	1.41118	8.60472	1.06011	5.06537	0.865226
1477010444600000	8.85559	0.990615	5.14244	0.129301	0.134104	lidar	0.627956	8.74615	1.04858	8.85775	1.10473	5.05216	0.919037
1477010444650000	9.14119	1.03178	5.18494	0.138582	0.137076	radar	6.46263	9.8809	1.1419	9.1101	1.15208	5.03798	0.974245
1477010444700000	9.37789	1.06456	5.16316	0.144299	0.135887	lidar	0.767086	9.25579	1.04913	9.36172	1.20223	5.0228	1.03082
1477010444750000	9.65291	1.14366	5.20149	0.173441	0.168959	radar	2.86019	10.1016	1.52474	9.61255	1.25524	5.00656	1.08873
1477010444800000	9.92083	1.27959	5.22699	0.232845	0.245774	lidar	0.794944	10.0484	1.44598	9.86254	1.31118	4.98922	1.14794
1477010444850000	10.169	1.38543	5.20142	0.274169	0.295086	radar	1.91386	10.5377	1.72555	10.1117	1.37011	4.97074	1.20841
1477010444900000	10.3943	1.464	5.17649	0.294956	0.305328	lidar	1.08905	10.2492	1.45907	10.3598	1.4321	4.95106	1.2701
1477010444950000	10.6263	1.56982	5.13048	0.334718	0.353027	radar	0.956619	10.9084	1.70343	10.6069	1.49721	4.93014	1.33298
1477010445000000	10.8564	1.5873	5.09957	0.315254	0.298862	lidar	0.755671	10.7313	1.45265	10.853	1.56549	4.90794	1.39701
1477010445050000	11.12	1.63987	5.12361	0.309801	0.264825	radar	1.24665	11.4783	1.42876	11.0979	1.637	4.8844	1.46213
1477010445100000	11.4001	1.67041	5.14732	0.29062	0.215249	lidar	1.86134	11.587	1.61462	11.3416	1.71179	4.85948	1.52832
1477010445150000	11.6327	1.73433	5.11522	0.299197	0.2161	radar	0.400031	11.4763	1.53917	11.584	1.78992	4.83313	1.59551
1477010445200000	11.8651	1.79167	5.09664	0.300969	0.203283	lidar	0.372754	11.7788	1.74591	11.8251	1.87144	4.80531	1.66366
1477010445250000	12.117	1.88412	5.13077	0.315679	0.204844	radar	0.0505235	12.136	2.14937	12.0647	1.95639	4.77598	1.73273
1477010445300000	12.3639	1.89911	5.11002	0.289139	0.150825	lidar	0.0681371	12.3226	1.78353	12.3029	2.04482	4.74508	1.80265
1477010445350000	12.6186	1.95545	5.13383	0.28277	0.125277	radar	0.0995025	12.5457	1.77728	12.5394	2.13677	4.71257	1.87338
1477010445400000	12.8165	2.09784	5.10998	0.334674	0.193201	lidar	2.70622	12.5924	2.17509	12.7743	2.23227	4.67842	1.94485
1477010445450000	13.0785	2.2022	5.17043	0.34576	0.184806	radar	0.611087	13.2198	2.6644	13.0075	2.33137	4.64258	2.01701
1477010445500000	13.2796	2.34795	5.15024	0.392631	0.24067	lidar	1.99114	13.0875	2.40708	13.2388	2.43409	4.605	2.08981
1477010445550000	13.4588	2.51642	5.08792	0.460142	0.337191	radar	4.3666	12.7087	3.12439	13.4682	2.54047	4.56565	2.16317
1477010445600000	13.7083	2.61928	5.10666	0.466467	0.321008	lidar	0.856133	13.836	2.62479	13.6955	2.65053	4.52448	2.23703
1477010445650000	13.9269	2.74033	5.09609	0.488208	0.33229	radar	0.108607	13.8302	2.73893	13.9208	2.7643	4.48147	2.31134
1477010445700000	14.1541	2.8868	5.11309	0.517123	0.349301	lidar	0.151222	14.2106	2.94205	14.1439	2.88179	4.43656	2.38601
1477010445750000	14.4043	2.98639	5.15115	0.503532	0.287491	radar	0.209235	14.5568	2.87021	14.3646	3.00303	4.38974	2.46099
1477010445800000	14.6165	3.05058	5.10452	0.489685	0.249201	lidar	1.14804	14.4616	2.90734	14.583	3.12802	4.34097	2.5362
1477010445850000	14.845	3.20072	5.14395	0.50942	0.248508	radar	0.00380184	14.6754	3.96041	14.7989	3.25679	4.29021	2.61157
1477010445900000	15.0482	3.39427	5.16453	0.559726	0.302224	lidar	0.0413112	15.0261	3.5067	15.0122	3.38932	4.23744	2.68703
1477010445950000	15.2568	3.56674	5.16713	0.598327	0.343282	radar	0.691327	15.3685	4.14761	15.2228	3.52563	4.18263	2.76249
1477010446000000	15.4685	3.7499	5.19048	0.63284	0.367008	lidar	0.134901	15.5236	3.82936	15.4306	3.66572	4.12575	2.83789
1477010446050000	15.6817	3.8831	5.18248	0.638515	0.348076	radar	0.0489516	15.7234	3.4105	15.6355	3.80957	4.06678	2.91315
1477010446100000	15.9058	4.01894	5.18489	0.641813	0.327892	lidar	0.285186	15.9774	4.00094	15.8375	3.95719	4.00571	2.98817
1477010446150000	16.0994	4.19118	5.16612	0.67907	0.374974	radar	0.600681	16.3376	4.21632	16.0363	4.10854	3.94251	3.0629
1477010446200000	16.2965	4.38221	5.18471	0.710464	0.391867	lidar	0.0509693	16.3313	4.44499	16.2319	4.26363	3.87716	3.13723
1477010446250000	16.5074	4.54372	5.19611	0.718461	0.370433	radar	0.602077	16.7586	4.48231	16.4242	4.42242	3.80966	3.21109
1477010446300000	16.6876	4.71055	5.18035	0.73851	0.3735	lidar	0.360352	16.6039	4.67344	16.613	4.5849	3.74	3.28438
1477010446350000	16.8339	4.92531	5.1427	0.80952	0.486378	radar	0.158825	16.9236	5.10119	16.7983	4.75103	3.66817	3.35704
1477010446400000	16.9977	5.14504	5.16056	0.850134	0.508108	lidar	0.00131228	16.9955	5.21099	16.9799	4.92077	3.59416	3.42897
1477010446450000	17.1662	5.32484	5.14359	0.872813	0.511801	radar	0.00511307	17.3421	4.64623	17.1579	5.09409	3.51797	3.50008
1477010446500000	17.3289	5.50066	5.12338	0.889646	0.501213	lidar	0.0686846	17.2894	5.43542	17.3319	5.27094	3.4396	3.57028
1477010446550000	17.4824	5.68316	5.09658	0.916248	0.516095	radar	0.146745	17.6463	4.74597	17.5019	5.45128	3.35907	3.63949
1477010446600000	17.6843	5.79924	5.04924	0.893944	0.453918	lidar	0.676301	17.7853	5.62476	17.6679	5.63506	3.27637	3.70762
1477010446650000	17.8211	6.01119	5.03669	0.940006	0.507033	radar	0.12818	17.9216	6.07151	17.8297	5.82221	3.19151	3.77458
1477010446700000	18.0005	6.18981	5.03352	0.944327	0.478465	lidar	0.892558	18.1263	6.16985	17.9872	6.01269	3.10453	3.84027
1477010446750000	18.1469	6.40335	5.0435	0.969621	0.478439	radar	0.142196	18.1245	6.79027	18.1402	6.20641	3.01542	3.90462
1477010446800000	18.2693	6.63182	5.05187	1.00611	0.495004	lidar	0.164869	18.2164	6.66138	18.2888	6.40332	2.92421	3.96753
1477010446850000	18.3976	6.85257	5.05378	1.03669	0.507099	radar	0.0444066	18.4022	7.02231	18.4328	6.60333	2.83093	4.0289
1477010446900000	18.5524	6.98751	4.98348	1.02589	0.463032	lidar	-0.00860461	18.5422	6.76013	18.572	6.80638	2.7356	4.08867
1477010446950000	18.7021	7.19401	4.99671	1.02787	0.416546	radar	0.177883	18.8089	7.24388	18.7064	7.01237	2.63825	4.14672
1477010447000000	18.9083	7.32485	4.95064	0.993983	0.345998	lidar	3.307	19.1441	7.18344	18.8359	7.22122	2.53893	4.20299
1477010447050000	18.9881	7.5441	4.91597	1.05258	0.434087	radar	2.60384	18.5479	7.4012	18.9604	7.43283	2.43767	4.25737
1477010447100000	19.0797	7.79469	4.94048	1.09532	0.461301	lidar	0.273709	19.0138	7.8688	19.0798	7.64712	2.3345	4.3098
1477010447150000	19.1994	8.00583	4.93774	1.10828	0.441426	radar	0.00504873	19.3089	7.67375	19.1939	7.86397	2.22949	4.36017
1477010447200000	19.2801	8.21686	4.913	1.13819	0.453181	lidar	1.15062	19.132	8.12845	19.3028	8.08329	2.12266	4.40842
1477010447250000	19.3787	8.43072	4.90742	1.15015	0.423842	radar	2.06634	19.0239	8.17194	19.4062	8.30497	2.01409	4.45445
1477010447300000	19.4777	8.58048	4.82433	1.15241	0.403579	lidar	0.750788	19.347	8.30741	19.5042	8.5289	1.90381	4.49819
1477010447350000	19.5644	8.7971	4.81108	1.18115	0.42608	radar	0.055311	19.6843	8.35902	19.5966	8.75494	1.7919	4.53956
1477010447400000	19.7339	8.96206	4.77782	1.15566	0.366443	lidar	4.2083	20.0039	8.8906	19.6835	8.983	1.67841	4.57848
1477010447450000	19.8006	9.19207	4.76981	1.20017	0.422941	radar	0.0388057	19.6061	9.48659	19.7645	9.21294	1.56341	4.61488
1477010447500000	19.9366	9.40445	4.77732	1.19697	0.390469	lidar	2.67832	20.1574	9.45949	19.8398	9.44463	1.44697	4.64869
1477010447550000	19.973	9.63839	4.75874	1.25898	0.481433	radar	0.890302	19.6163	9.76606	19.9093	9.67795	1.32916	4.67984
1477010447600000	20.0633	9.86675	4.76709	1.27462	0.469928	lidar	0.477469	20.1573	9.90876	19.9728	9.91275	1.21005	4.70826
1477010447650000	20.1233	10.114	4.79197	1.29607	0.450667	radar	0.167122	19.1911	11.5493	20.0303	10.1489	1.08972	4.73389
1477010447700000	20.1723	10.3744	4.82246	1.32967	0.463262	lidar	0.00547704	20.166	10.4687	20.0818	10.3863	0.968259	4.75666
1477010447750000	20.183	10.6164	4.81255	1.38748	0.533596	radar	1.5582	19.6775	10.803	20.1271	10.6247	0.845742	4.77652
1477010447800000	20.2432	10.8774	4.84571	1.40938	0.525365	lidar	0.838001	20.371	11.0109	20.1663	10.864	0.722256	4.7934
1477010447850000	20.2737	11.131	4.86461	1.43254	0.506665	radar	0.127046	19.4335	12.3402	20.1993	11.1041	0.597892	4.80727
1477010447900000	20.3081	11.3662	4.85835	1.45534	0.503931	lidar	0.0045727	20.3164	11.3483	20.2261	11.3449	0.472738	4.81807
1477010447950000	20.2471	11.6197	4.84963	1.5496	0.647196	radar	4.02395	19.2063	12.2418	20.2466	11.5861	0.346889	4.82575
1477010448000000	20.3198	11.8556	4.84956	1.55038	0.607873	lidar	4.78618	20.6141	11.9422	20.2608	11.8275	0.220439	4.83027
1477010448050000	20.3508	12.0896	4.84794	1.53899	0.502908	radar	1.6183	19.966	11.9688	20.2687	12.0692	0.093487	4.83159
1477010448100000	20.3398	12.3664	4.88942	1.57308	0.5105	lidar	0.0174777	20.3263	12.4966	20.2701	12.3108	-0.0338694	4.82968
1477010448150000	20.2867	12.6068	4.87852	1.64186	0.607484	radar	1.09696	20.0192	12.4823	20.2652	12.5522	-0.161529	4.82451
1477010448200000	20.3117	12.8452	4.87237	1.65256	0.583951	lidar	1.92408	20.498	12.8924	20.254	12.7933	-0.28939	4.81605
1477010448250000	20.2992	13.0792	4.86162	1.67753	0.580974	radar	0.101446	20.9151	12.2555	20.2363	13.0339	-0.417348	4.80428
1477010448300000	20.2618	13.2949	4.83141	1.70953	0.586956	lidar	0.226509	20.1943	13.1688	20.2122	13.2738	-0.545298	4.78918
1477010448350000	20.2239	13.5311	4.82972	1.73072	0.560239	radar	1.05892	19.858	13.5236	20.1818	13.5129	-0.673135	4.77072
1477010448400000	20.2057	13.7848	4.84598	1.74881	0.547003	lidar	0.751949	20.3245	13.8896	20.1449	13.7509	-0.800753	4.74892
1477010448450000	20.1485	14.0143	4.83728	1.78767	0.575015	radar	0.163928	20.3387	13.5307	20.1017	13.9878	-0.928043	4.72374
1477010448500000	20.095	14.2645	4.85524	1.81516	0.57214	lidar	0.0337182	20.1216	14.337	20.0521	14.2233	-1.0549	4.69521
1477010448550000	20.0232	14.4943	4.85209	1.84459	0.566679	radar	1.30562	19.6717	14.4038	19.9962	14.4573	-1.18121	4.66331
1477010448600000	19.9168	14.7426	4.88121	1.88713	0.581588	lidar	1.04635	19.781	14.773	19.934	14.6897	-1.30687	4.62805
1477010448650000	19.8505	14.9635	4.86551	1.89814	0.53374	radar	1.28184	20.1149	14.0165	19.8655	14.9202	-1.43177	4.58944
1477010448700000	19.82	15.1849	4.83993	1.9055	0.512646	lidar	2.24525	20.0208	15.2053	19.7908	15.1486	-1.55581	4.54751
1477010448750000	19.6837	15.3938	4.83588	2.00002	0.689068	radar	0.459851	20.0157	15.3443	19.7099	15.3749	-1.67887	4.50226
1477010448800000	19.6494	15.5887	4.78151	2.00971	0.663355	lidar	3.91048	19.9131	15.554	19.6229	15.5989	-1.80085	4.45372
1477010448850000	19.5553	15.7979	4.7699	2.03159	0.635093	radar	0.198652	19.9388	15.0864	19.5298	15.8203	-1.92164	4.40193
1477010448900000	19.4518	16.0086	4.76617	2.06128	0.632921	lidar	0.0296202	19.4748	16.0098	19.4307	16.039	-2.04114	4.3469
1477010448950000	19.3506	16.2204	4.76105	2.06814	0.56508	radar	0.889475	19.1556	16.0022	19.3257	16.2549	-2.15925	4.28868
1477010449000000	19.2401	16.3995	4.7259	2.09843	0.570109	lidar	-0.000347936	19.238	16.2719	19.2148	16.4679	-2.27586	4.22731
1477010449050000	19.1202	16.5985	4.72135	2.12794	0.574115	radar	0.00302935	19.4007	16.2962	19.0981	16.6777	-2.39087	4.16284
1477010449100000	18.9934	16.8041	4.72901	2.15517	0.571823	lidar	0.00439045	19.0029	16.8387	18.9757	16.8841	-2.50418	4.0953
1477010449150000	18.8358	16.9935	4.74168	2.22481	0.683938	radar	2.519	18.8373	17.7112	18.8477	17.0872	-2.61571	4.02476
1477010449200000	18.6678	17.2179	4.79663	2.25876	0.679765	lidar	0.173658	18.6148	17.3832	18.7142	17.2866	-2.72534	3.95127
1477010449250000	18.5659	17.4283	4.78026	2.22464	0.509299	radar	0.0240657	18.8177	17.0316	18.5752	17.4822	-2.83299	3.87489
1477010449300000	18.3583	17.6135	4.81753	2.27045	0.530476	lidar	3.59476	18.1023	17.5529	18.4309	17.674	-2.93858	3.79568
1477010449350000	18.2209	17.807	4.81134	2.2663	0.449959	radar	0.32743	18.2749	17.4877	18.2814	17.8617	-3.042	3.71372
1477010449400000	18.0914	17.996	4.79885	2.27892	0.439228	lidar	0.758498	18.2094	18.0461	18.1268	18.0453	-3.14318	3.62906
1477010449450000	17.9131	18.1492	4.78888	2.33176	0.513898	radar	0.425886	18.3021	17.498	17.9671	18.2246	-3.24204	3.5418
1477010449500000	17.779	18.2977	4.74124	2.35252	0.510714	lidar	0.850648	17.9018	18.2183	17.8026	18.3994	-3.3385	3.45199
1477010449550000	17.6432	18.4811	4.73135	2.35815	0.47657	radar	4.39894	18.8558	18.1364	17.6334	18.5697	-3.43247	3.35973
1477010449600000	17.4549	18.6587	4.75881	2.38442	0.477993	lidar	0.279032	17.3845	18.7039	17.4595	18.7353	-3.5239	3.26509
1477010449650000	17.2715	18.7999	4.74877	2.42564	0.518904	radar	0.326225	17.7945	18.0801	17.281	18.8962	-3.61271	3.16817
1477010449700000	17.1089	18.939	4.72003	2.45008	0.518584	lidar	0.256303	17.1762	18.8863	17.0983	19.0521	-3.69883	3.06904
1477010449750000	16.9413	19.1094	4.72576	2.46073	0.49077	radar	2.56953	16.9398	19.7311	16.9113	19.203	-3.78221	2.9678
1477010449800000	16.726	19.2236	4.72301	2.50246	0.511168	lidar	1.23883	16.5734	19.052	16.7201	19.3488	-3.86278	2.86455
1477010449850000	16.5365	19.3754	4.73501	2.52897	0.522707	radar	1.97597	16.1674	20.2201	16.5251	19.4894	-3.9405	2.75938
1477010449900000	16.3178	19.5313	4.77565	2.55457	0.519884	lidar	0.400648	16.2338	19.6171	16.3262	19.6246	-4.01531	2.65237
1477010449950000	16.0933	19.614	4.76239	2.61204	0.580718	radar	7.437	16.4366	18.2742	16.1237	19.7545	-4.08716	2.54364
1477010450000000	15.89	19.7555	4.77865	2.63265	0.569908	lidar	0.0579307	15.9243	19.8703	15.9176	19.8789	-4.15602	2.43329
1477010450050000	15.6999	19.8833	4.7614	2.62918	0.485934	radar	0.310098	16.2328	19.2166	15.7082	19.9978	-4.22185	2.32141
1477010450100000	15.4753	20.033	4.80455	2.64541	0.473916	lidar	0.108475	15.4332	20.1836	15.4956	20.111	-4.28461	2.2081
1477010450150000	15.2663	20.1728	4.82096	2.65564	0.450116	radar	2.15211	14.3677	21.3406	15.2799	20.2185	-4.34427	2.09347
1477010450200000	15.0765	20.3076	4.81415	2.66491	0.434959	lidar	0.831333	15.2016	20.4385	15.0613	20.3203	-4.4008	1.97763
1477010450250000	14.8464	20.3878	4.81317	2.70826	0.479385	radar	1.9719	14.7476	19.9571	14.84	20.4162	-4.4542	1.86068
1477010450300000	14.6313	20.5076	4.82347	2.72415	0.469489	lidar	0.061779	14.6665	20.6088	14.6161	20.5063	-4.50443	1.74272
1477010450350000	14.397	20.5918	4.83472	2.76628	0.517132	radar	0.00355143	13.841	21.0031	14.3897	20.5904	-4.55149	1.62386
1477010450400000	14.1506	20.6651	4.8487	2.80006	0.525784	lidar	0.521471	14.0521	20.5924	14.1611	20.6686	-4.59537	1.50421
1477010450450000	13.916	20.7349	4.85341	2.83889	0.558563	radar	0.0240148	13.8232	20.859	13.9304	20.7408	-4.63606	1.38386
1477010450500000	13.6446	20.7955	4.89122	2.8759	0.567338	lidar	1.68046	13.4686	20.7253	13.6977	20.807	-4.67357	1.26294
1477010450550000	13.3997	20.8242	4.89228	2.93615	0.644752	radar	0.139413	13.8263	20.4261	13.4632	20.8671	-4.70789	1.14153
1477010450600000	13.1508	20.8642	4.89906	2.97175	0.648303	lidar	0.101555	13.1072	20.8294	13.2271	20.9211	-4.73904	1.01975
1477010450650000	12.9212	20.9238	4.89238	2.98856	0.618057	radar	1.72218	13.2669	21.1579	12.9895	20.969	-4.76702	0.897694
1477010450700000	12.7129	20.9703	4.85933	3.01117	0.610401	lidar	1.37788	12.8729	21.0592	12.7506	21.0108	-4.79186	0.775469
1477010450750000	12.4643	21.0104	4.87312	3.03702	0.602795	radar	0.150284	11.5171	21.6724	12.5106	21.0465	-4.81358	0.653175
1477010450800000	12.2162	21.0474	4.88586	3.06157	0.595205	lidar	0.00696307	12.2062	21.11	12.2695	21.0761	-4.83219	0.530912
1477010450850000	11.979	21.0673	4.88165	3.09199	0.601833	radar	0.643511	12.3859	21.1066	12.0276	21.0996	-4.84773	0.408778
1477010450900000	11.7325	21.0379	4.87211	3.13747	0.621036	lidar	0.122247	11.6814	20.8651	11.785	21.117	-4.86022	0.286869
1477010450950000	11.4869	21.0247	4.87007	3.17087	0.61983	radar	0.950157	11.5265	20.6748	11.5418	21.1283	-4.86971	0.165281
1477010451000000	11.265	21.0197	4.8462	3.19899	0.617919	lidar	0.51858	11.363	21.0688	11.2982	21.1335	-4.87623	0.0441057
1477010451050000	11.0131	20.9808	4.85266	3.23734	0.623403	radar	3.98678	10.5558	20.5567	11.0544	21.1327	-4.87982	-0.076565
1477010451100000	10.7967	20.9439	4.82093	3.27286	0.630856	lidar	0.491	10.8903	20.927	10.8105	21.1259	-4.88053	-0.196643
1477010451150000	10.5458	20.9477	4.82189	3.26459	0.534417	radar	0.136962	9.30535	21.3896	10.5666	21.1131	-4.8784	-0.31604
1477010451200000	10.2703	20.9769	4.87514	3.26382	0.496663	lidar	0.427077	10.189	21.209	10.3229	21.0943	-4.87349	-0.434674
1477010451250000	10.0303	20.9586	4.87472	3.28209	0.487588	radar	0.916391	9.97958	21.2932	10.0795	21.0697	-4.86585	-0.552463
1477010451300000	9.82882	20.9232	4.82679	3.30763	0.49153	lidar	1.53918	9.99634	20.9797	9.83658	21.0391	-4.85554	-0.669327
1477010451350000	9.58773	20.9191	4.81702	3.29544	0.406176	radar	0.124123	9.38223	21.111	9.59422	21.0028	-4.84262	-0.785189
1477010451400000	9.38925	20.8702	4.76895	3.32217	0.416157	lidar	1.25864	9.53921	20.8762	9.35258	20.9607	-4.82714	-0.899977
1477010451450000	9.16364	20.8285	4.76287	3.34714	0.431686	radar	1.1891	9.63392	20.9724	9.11177	20.9128	-4.80919	-1.01362
1477010451500000	8.88188	20.7968	4.82337	3.35696	0.415035	lidar	1.80933	8.70331	20.8221	8.87192	20.8594	-4.78881	-1.12605
1477010451550000	8.66356	20.7161	4.80894	3.39697	0.452115	radar	0.296511	9.84634	20.009	8.63315	20.8003	-4.76608	-1.2372
1477010451600000	8.39607	20.6313	4.85396	3.42549	0.457829	lidar	1.61044	8.22277	20.4839	8.39557	20.7358	-4.74108	-1.34701
1477010451650000	8.16722	20.5497	4.85637	3.45954	0.483793	radar	2.57191e-005	8.29647	20.4978	8.1593	20.6657	-4.71387	-1.45542
1477010451700000	7.92774	20.4698	4.86873	3.48321	0.482676	lidar	0.0960218	7.88599	20.45	7.92445	20.5903	-4.68453	-1.56237
1477010451750000	7.71216	20.3817	4.86616	3.52378	0.529384	radar	2.41788	8.29081	20.6565	7.69111	20.5096	-4.65313	-1.66781
1477010451800000	7.41544	20.3232	4.94819	3.52583	0.495283	lidar	3.21434	7.18029	20.392	7.45939	20.4237	-4.61975	-1.7717
1477010451850000	7.18527	20.2258	4.94933	3.54903	0.48916	radar	0.195586	7.09214	20.1196	7.22939	20.3326	-4.58448	-1.87399
1477010451900000	6.92421	20.1441	4.98766	3.56017	0.470734	lidar	0.696659	6.81542	20.1859	7.00119	20.2364	-4.54738	-1.97462
1477010451950000	6.69908	20.0522	4.97991	3.57541	0.453656	radar	0.298653	6.89359	20.1536	6.7749	20.1352	-4.50854	-2.07357
1477010452000000	6.45148	19.9624	5.00289	3.58709	0.438851	lidar	0.236721	6.38914	20.0137	6.55059	20.0292	-4.46805	-2.17079
1477010452050000	6.23446	19.868	4.99146	3.60566	0.438393	radar	2.48902	6.67637	20.2142	6.32834	19.9183	-4.42598	-2.26625
1477010452100000	5.97362	19.7763	5.03079	3.61136	0.416527	lidar	0.757333	5.86119	19.8306	6.10823	19.8027	-4.38241	-2.35993
1477010452150000	5.75284	19.6267	5.05363	3.66118	0.481818	radar	0.761522	5.28178	19.5036	5.89034	19.6824	-4.33744	-2.45178
1477010452200000	5.56751	19.504	5.01426	3.6897	0.488791	lidar	0.853425	5.69089	19.5755	5.67472	19.5577	-4.29114	-2.5418
1477010452250000	5.36839	19.3536	5.00833	3.72613	0.508853	radar	0.420225	5.9506	18.9859	5.46145	19.4284	-4.24359	-2.62995
1477010452300000	5.15098	19.2527	5.00453	3.7339	0.486521	lidar	0.00741177	5.17021	19.4397	5.25059	19.2948	-4.19488	-2.71622
1477010452350000	4.95272	19.1426	4.96857	3.73552	0.435214	radar	1.94085	5.87397	19.301	5.04219	19.157	-4.1451	-2.80059
1477010452400000	4.78472	18.9901	4.93317	3.77054	0.453814	lidar	0.678198	4.89149	18.982	4.8363	19.015	-4.09432	-2.88305
1477010452450000	4.57988	18.8392	4.95139	3.7998	0.475026	radar	0.050116	3.98679	19.0452	4.63297	18.8689	-4.04263	-2.96359
1477010452500000	4.39823	18.7068	4.92767	3.81887	0.469913	lidar	0.257476	4.4685	18.834	4.43224	18.7188	-3.99012	-3.0422
1477010452550000	4.20941	18.5665	4.90359	3.82506	0.426367	radar	0.00389875	4.69245	18.4634	4.23416	18.5648	-3.93685	-3.11888
1477010452600000	4.07899	18.4082	4.84259	3.86365	0.451659	lidar	1.9718	4.26269	18.481	4.03876	18.4071	-3.88293	-3.19362
1477010452650000	3.90529	18.2324	4.87635	3.91727	0.536137	radar	2.6895	3.42434	18.8357	3.84606	18.2457	-3.82841	-3.26644
1477010452700000	3.65515	18.0938	4.93784	3.90705	0.484212	lidar	2.39093	3.45919	18.167	3.65611	18.0807	-3.77339	-3.33732
1477010452750000	3.48494	17.9444	4.89894	3.91082	0.433378	radar	0.31057	4.3011	17.9267	3.46891	17.9122	-3.71795	-3.40627
1477010452800000	3.26225	17.7795	4.94378	3.91382	0.406552	lidar	1.13111	3.12525	17.7493	3.28449	17.7402	-3.66215	-3.47331
1477010452850000	3.09072	17.5938	4.96746	3.95455	0.460113	radar	0.514525	2.65664	17.888	3.10287	17.565	-3.60609	-3.53844
1477010452900000	2.90527	17.4773	4.94058	3.94915	0.423668	lidar	0.0398486	2.9449	17.8154	2.92405	17.3866	-3.54982	-3.60167
1477010452950000	2.77374	17.2575	4.95711	4.01579	0.517656	radar	0.101029	3.26647	17.0897	2.74805	17.2051	-3.49344	-3.66302
1477010453000000	2.59858	17.0724	4.97037	4.03274	0.505348	lidar	0.125212	2.55407	17.0853	2.57486	17.0205	-3.437	-3.72251
1477010453050000	2.4284	16.9075	4.9353	4.02408	0.428324	radar	-0.000398163	2.55039	16.8884	2.4045	16.833	-3.38059	-3.78014
1477010453100000	2.26149	16.7358	4.93177	4.03433	0.413494	lidar	0.00697856	2.25371	16.8334	2.23695	16.6427	-3.32428	-3.83595
1477010453150000	2.08365	16.5422	4.93827	4.03412	0.364753	radar	3.34541	1.57735	16.0489	2.07221	16.4497	-3.26812	-3.88995
1477010453200000	1.93211	16.3124	4.96519	4.06442	0.380018	lidar	0.0771778	1.88972	16.1054	1.91027	16.254	-3.21219	-3.94216
1477010453250000	1.76708	16.1375	4.94518	4.05832	0.327533	radar	0.212108	1.74362	16.2687	1.75112	16.0557	-3.15656	-3.99261
1477010453300000	1.56031	15.9725	4.97043	4.04178	0.282409	lidar	0.857616	1.44745	16.0853	1.59474	15.8549	-3.10129	-4.04132
1477010453350000	1.44433	15.738	4.99428	4.10092	0.374785	radar	0.382931	1.6097	15.5526	1.44111	15.6517	-3.04644	-4.08832
1477010453400000	1.27314	15.5223	5.02836	4.11072	0.361952	lidar	0.472146	1.18395	15.4284	1.29021	15.4463	-2.99207	-4.13364
1477010453450000	1.11467	15.3299	5.02564	4.11349	0.335442	radar	0.386513	0.828993	15.528	1.14201	15.2386	-2.93825	-4.1773
1477010453500000	0.905129	15.116	5.08846	4.10322	0.29743	lidar	2.04488	0.722706	15.0075	0.996486	15.0288	-2.88503	-4.21933
1477010453550000	0.750469	14.935	5.05794	4.09446	0.246472	radar	1.05202	1.03147	15.2134	0.853604	14.8169	-2.83246	-4.25977
1477010453600000	0.645681	14.719	5.03282	4.12589	0.272507	lidar	0.537133	0.737301	14.7047	0.71333	14.603	-2.78061	-4.29864
1477010453650000	0.54169	14.4757	5.05355	4.17653	0.3467	radar	0.633285	0.722177	14.2445	0.575628	14.3872	-2.72952	-4.33598
1477010453700000	0.368816	14.2561	5.09188	4.17519	0.320832	lidar	0.826946	0.253435	14.2029	0.440459	14.1696	-2.67925	-4.37181
1477010453750000	0.26152	14.0034	5.137	4.23005	0.410197	radar	0.0398637	-0.0328023	13.9604	0.307779	13.9502	-2.62984	-4.40617
1477010453800000	0.243259	13.7502	5.08341	4.29895	0.476969	lidar	3.01646	0.459172	13.6856	0.177545	13.7292	-2.58135	-4.43909
1477010453850000	0.148915	13.5081	5.1058	4.33539	0.508876	radar	0.171368	0.0524412	13.6377	0.0497099	13.5065	-2.53381	-4.47061
1477010453900000	-0.020761	13.281	5.15082	4.32205	0.452845	lidar	1.87208	-0.190344	13.2856	-0.0757753	13.2823	-2.48728	-4.50075
1477010453950000	-0.140857	13.0625	5.12804	4.31884	0.400104	radar	0.0994739	-0.275043	13.1456	-0.198962	13.0566	-2.44179	-4.52955
1477010454000000	-0.148358	12.831	5.0651	4.37995	0.460995	lidar	2.44695	0.0462308	12.9301	-0.319903	12.8295	-2.39739	-4.55704
1477010454050000	-0.273429	12.6065	5.04766	4.36521	0.385542	radar	0.568861	-0.684792	12.3563	-0.438654	12.6011	-2.35412	-4.58326
1477010454100000	-0.396557	12.3718	5.06822	4.3642	0.355671	lidar	0.424697	-0.476482	12.3633	-0.555273	12.3714	-2.31202	-4.60823
1477010454150000	-0.531658	12.1635	5.05057	4.34287	0.287093	radar	1.76609	-0.972122	12.5207	-0.669818	12.1404	-2.27111	-4.63198
1477010454200000	-0.611321	11.9425	5.03038	4.35944	0.290986	lidar	0.0490302	-0.582624	12.0386	-0.78235	11.9083	-2.23144	-4.65456
1477010454250000	-0.746402	11.7154	5.03971	4.34242	0.238004	radar	0.00216873	-1.26757	11.6495	-0.892931	11.6751	-2.19304	-4.67598
1477010454300000	-0.944834	11.4774	5.10295	4.30039	0.160615	lidar	3.39507	-1.17212	11.3988	-1.00163	11.4409	-2.15594	-4.69628
1477010454350000	-1.06286	11.2503	5.08456	4.28465	0.104022	radar	1.0102	-0.891441	10.959	-1.1085	11.2057	-2.12017	-4.71549
1477010454400000	-1.23897	11.0272	5.11755	4.25402	0.0548115	lidar	1.54118	-1.39289	11.0424	-1.21362	10.9695	-2.08575	-4.73364
1477010454450000	-1.30674	10.7785	5.13436	4.30115	0.147979	radar	0.128052	-1.29894	10.9012	-1.31706	10.7324	-2.05273	-4.75075
1477010454500000	-1.43265	10.5274	5.16528	4.30023	0.136928	lidar	0.25249	-1.49687	10.4198	-1.41889	10.4945	-2.02111	-4.76686
1477010454550000	-1.51116	10.2644	5.19564	4.33671	0.200774	radar	0.655028	-1.59293	10.0212	-1.51917	10.2559	-1.99093	-4.78198
1477010454600000	-1.61161	10.0529	5.16864	4.33869	0.190308	lidar	0.00429915	-1.61875	10.2374	-1.61797	10.0165	-1.96221	-4.79615
1477010454650000	-1.70263	9.82151	5.15338	4.34436	0.17947	radar	0.183666	-1.59702	9.96554	-1.71539	9.77637	-1.93498	-4.80939
1477010454700000	-1.7781	9.59912	5.12492	4.35782	0.185829	lidar	0.118867	-1.73381	9.71347	-1.81147	9.53564	-1.90924	-4.82172
1477010454750000	-1.88172	9.3486	5.15942	4.37179	0.210417	radar	0.121436	-2.27191	9.37316	-1.90631	9.29431	-1.88502	-4.83316
1477010454800000	-1.95701	9.05846	5.20259	4.39407	0.22573	lidar	0.0234509	-1.93833	8.77028	-1.99998	9.05243	-1.86233	-4.84374
1477010454850000	-2.04781	8.83382	5.17226	4.38725	0.184334	radar	0.904144	-1.96565	9.13274	-2.09256	8.81003	-1.8412	-4.85347
1477010454900000	-2.14241	8.58222	5.18696	4.39119	0.176815	lidar	0.0726763	-2.1768	8.5411	-2.18412	8.56717	-1.82164	-4.86238
1477010454950000	-2.26911	8.33047	5.21961	4.37862	0.146251	radar	0.00270139	-2.65862	8.19477	-2.27474	8.32388	-1.80365	-4.87047
1477010455000000	-2.31698	8.09384	5.18768	4.40188	0.168537	lidar	0.588962	-2.21875	8.15339	-2.3645	8.0802	-1.78726	-4.87778
1477010455050000	-2.38523	7.8774	5.14449	4.40687	0.157431	radar	4.03964	-2.273	8.52315	-2.45348	7.83617	-1.77248	-4.8843
1477010455100000	-2.49718	7.62755	5.17004	4.39865	0.135281	lidar	0.597925	-2.59674	7.60288	-2.54177	7.59184	-1.75931	-4.89006
1477010455150000	-2.66692	7.39415	5.18846	4.34273	0.01719	radar	0.302558	-3.08256	7.38874	-2.62944	7.34723	-1.74777	-4.89507
1477010455200000	-2.77049	7.13986	5.20806	4.3407	0.0132313	lidar	0.0477566	-2.79865	7.064	-2.71658	7.10238	-1.73786	-4.89933
1477010455250000	-2.82818	6.90249	5.19097	4.36948	0.072489	radar	0.787096	-2.79412	7.20818	-2.80326	6.85734	-1.72958	-4.90286
1477010455300000	-2.87463	6.68938	5.13251	4.38653	0.0893712	lidar	0.959331	-2.74651	6.86867	-2.88957	6.61214	-1.72295	-4.90566
1477010455350000	-2.94637	6.46294	5.0922	4.37542	0.0357454	radar	0.580715	-2.57673	6.36755	-2.97559	6.36681	-1.71797	-4.90774
1477010455400000	-3.00199	6.22477	5.07261	4.38921	0.0511154	lidar	0.568539	-2.90217	6.22989	-3.0614	6.12139	-1.71464	-4.90911
1477010455450000	-3.11573	5.97894	5.1038	4.38301	0.0495983	radar	1.02196	-3.50172	6.10796	-3.14709	5.87592	-1.71297	-4.90976
1477010455500000	-3.19518	5.7077	5.13538	4.39055	0.0562276	lidar	0.0155527	-3.1778	5.53101	-3.23274	5.63043	-1.71295	-4.9097
1477010455550000	-3.30451	5.46126	5.14502	4.3655	-0.00996834	radar	0.876545	-3.19736	5.19093	-3.31843	5.38496	-1.71458	-4.90893
1477010455600000	-3.40026	5.20255	5.16952	4.36374	-0.0113639	lidar	0.0511584	-3.43031	5.10507	-3.40424	5.13955	-1.71787	-4.90745
1477010455650000	-3.46462	4.95533	5.16565	4.38452	0.0363073	radar	0.0146361	-3.4281	4.94644	-3.49026	4.89422	-1.72281	-4.90525
1477010455700000	-3.57532	4.68227	5.21653	4.37897	0.0281057	lidar	0.776642	-3.69435	4.52196	-3.57657	4.64902	-1.72939	-4.90233
1477010455750000	-3.68324	4.43152	5.22789	4.3552	-0.0358158	radar	1.03259	-3.50501	4.17643	-3.66325	4.40398	-1.73763	-4.89868
1477010455800000	-3.81424	4.16568	5.27873	4.34116	-0.0492724	lidar	1.90298	-4.00238	4.04684	-3.75039	4.15913	-1.74749	-4.8943
1477010455850000	-3.89348	3.92327	5.26888	4.35893	0.00401134	radar	0.681315	-4.06447	4.10977	-3.83806	3.91452	-1.75899	-4.88918
1477010455900000	-3.96806	3.68741	5.24456	4.36344	0.00798879	lidar	0.40481	-3.88053	3.75177	-3.92635	3.67019	-1.77212	-4.8833
1477010455950000	-4.07186	3.47873	5.20488	4.34069	-0.0470503	radar	1.89171	-4.23729	3.88878	-4.01533	3.42616	-1.78686	-4.87666
1477010456000000	-4.16411	3.23387	5.20646	4.33961	-0.0454984	lidar	0.00885091	-4.15119	3.21968	-4.10509	3.18248	-1.8032	-4.86925
1477010456050000	-4.27728	2.9825	5.22847	4.32372	-0.0791829	radar	0.0329007	-4.27467	2.88187	-4.19571	2.93919	-1.82113	-4.86104
1477010456100000	-4.36669	2.71109	5.25867	4.32813	-0.0675565	lidar	0.0979457	-4.32451	2.55034	-4.28727	2.69633	-1.84065	-4.85202
1477010456150000	-4.45265	2.4605	5.25946	4.33782	-0.0359524	radar	0.102696	-4.38481	2.39989	-4.37985	2.45393	-1.86173	-4.84218
1477010456200000	-4.55607	2.198	5.28714	4.33713	-0.0326265	lidar	0.157781	-4.61223	2.09192	-4.47352	2.21205	-1.88436	-4.83149
1477010456250000	-4.66629	1.96818	5.27582	4.30505	-0.119833	radar	1.35769	-4.29257	1.92854	-4.56836	1.97072	-1.90853	-4.81994
1477010456300000	-4.78128	1.69891	5.31809	4.30164	-0.113279	lidar	0.374565	-4.86829	1.53442	-4.66444	1.72998	-1.93422	-4.80751
1477010456350000	-4.90387	1.4531	5.3334	4.28268	-0.14754	radar	0.0648758	-4.98165	1.43611	-4.76186	1.48989	-1.9614	-4.79417
1477010456400000	-4.96701	1.21386	5.29752	4.28921	-0.13395	lidar	4.62752	-4.66779	1.28643	-4.86066	1.25049	-1.99007	-4.7799
1477010456450000	-5.06322	0.99156	5.26195	4.29055	-0.108919	radar	0.0354762	-4.98594	1.10894	-4.96095	1.01182	-2.02019	-4.76468
1477010456500000	-5.12679	0.754121	5.23015	4.29779	-0.0960045	lidar	3.82336	-4.85498	0.825661	-5.06277	0.77393	-2.05174	-4.74848
1477010456550000	-5.21764	0.465931	5.28797	4.30447	-0.0880986	radar	1.75613	-4.84736	0.18101	-5.16621	0.536876	-2.08471	-4.73127
1477010456600000	-5.29369	0.222363	5.27141	4.30922	-0.0776371	lidar	1.51513	-5.1231	0.257311	-5.27133	0.300706	-2.11906	-4.71303
1477010456650000	-5.45184	0.0477856	5.21044	4.29165	-0.0571583	radar	3.73077	-5.99809	-0.290765	-5.3782	0.0654719	-2.15477	-4.69374
1477010456700000	-5.53233	-0.185053	5.19092	4.29827	-0.0416491	lidar	2.67506	-5.29972	-0.212982	-5.4869	-0.168772	-2.1918	-4.67335
1477010456750000	-5.63732	-0.398381	5.15774	4.28339	-0.0717118	radar	0.000384758	-5.64447	-0.144522	-5.59748	-0.401971	-2.23014	-4.65185
1477010456800000	-5.75594	-0.610836	5.13124	4.26526	-0.0998004	lidar	0.471855	-5.85359	-0.445801	-5.71001	-0.634069	-2.26974	-4.62919
1477010456850000	-5.87585	-0.83117	5.13707	4.23742	-0.167237	radar	3.64105	-5.30947	-0.724468	-5.82456	-0.865006	-2.31058	-4.60536
1477010456900000	-5.97627	-1.09083	5.17343	4.25005	-0.129889	lidar	0.503625	-5.87835	-1.26863	-5.94118	-1.09472	-2.35262	-4.58032
1477010456950000	-6.0703	-1.35263	5.20648	4.26458	-0.0955957	radar	1.31471	-5.68069	-1.52871	-6.05993	-1.32316	-2.39581	-4.55404
1477010457000000	-6.19918	-1.57125	5.19294	4.24727	-0.115888	lidar	0.291411	-6.27263	-1.50938	-6.18087	-1.55025	-2.44014	-4.52648
1477010457050000	-6.34952	-1.79604	5.22983	4.20488	-0.215951	radar	0.545679	-6.11355	-1.75966	-6.30406	-1.77593	-2.48555	-4.49762
1477010457100000	-6.44986	-2.05042	5.25086	4.21461	-0.184326	lidar	0.671121	-6.34007	-2.13685	-6.42954	-2.00014	-2.532	-4.46742
1477010457150000	-6.59895	-2.25799	5.2304	4.19095	-0.201432	radar	1.40691	-6.99344	-2.17445	-6.55738	-2.22281	-2.57946	-4.43585
1477010457200000	-6.74333	-2.47298	5.22356	4.17211	-0.214564	lidar	0.13821	-6.79288	-2.4458	-6.68761	-2.44386	-2.62788	-4.40288
1477010457250000	-6.89933	-2.68494	5.22442	4.14752	-0.239681	radar	0.600501	-7.14408	-2.67584	-6.82029	-2.66323	-2.6772	-4.36847
1477010457300000	-6.98324	-2.96004	5.26038	4.17553	-0.179494	lidar	1.95068	-6.8003	-3.10086	-6.95546	-2.88084	-2.7274	-4.3326
1477010457350000	-7.10943	-3.18874	5.2519	4.17594	-0.155974	radar	0.0145615	-7.13937	-3.22028	-7.09316	-3.09663	-2.7784	-4.29523
1477010457400000	-7.23085	-3.3906	5.21857	4.16585	-0.160759	lidar	0.599843	-7.12118	-3.26434	-7.23344	-3.3105	-2.83017	-4.25632
1477010457450000	-7.37438	-3.63818	5.25086	4.16345	-0.150601	radar	3.58135	-7.77186	-4.08999	-7.37632	-3.5224	-2.88265	-4.21586
1477010457500000	-7.53543	-3.78257	5.17534	4.12151	-0.204369	lidar	0.0439757	-7.49009	-3.49081	-7.52184	-3.73223	-2.93579	-4.1738
1477010457550000	-7.67982	-3.99206	5.17532	4.10741	-0.215379	radar	0.404085	-7.52393	-3.88213	-7.67004	-3.93992	-2.98953	-4.13012
1477010457600000	-7.83104	-4.22059	5.19532	4.10095	-0.208166	lidar	0.115791	-7.88049	-4.29783	-7.82094	-4.14538	-3.04381	-4.08479
1477010457650000	-7.98049	-4.4399	5.20112	4.09441	-0.20007	radar	0.285586	-8.08524	-4.57834	-7.97457	-4.34854	-3.09857	-4.03778
1477010457700000	-8.13872	-4.67671	5.23248	4.09056	-0.189693	lidar	0.356539	-8.22492	-4.79812	-8.13095	-4.5493	-3.15376	-3.98906
1477010457750000	-8.27263	-4.89054	5.19506	4.10284	-0.133791	radar	0.361822	-8.453	-4.95621	-8.2901	-4.74759	-3.2093	-3.93862
1477010457800000	-8.4027	-5.11136	5.19318	4.1067	-0.117996	lidar	0.257215	-8.33552	-5.1059	-8.45204	-4.94331	-3.26514	-3.88641
1477010457850000	-8.54552	-5.29041	5.13329	4.10159	-0.100141	radar	0.75003	-8.55062	-4.79248	-8.61678	-5.13637	-3.32121	-3.83242
1477010457900000	-8.74036	-5.48276	5.14323	4.07152	-0.137305	lidar	1.72019	-8.91477	-5.51752	-8.78433	-5.32669	-3.37745	-3.77663
1477010457950000	-8.89627	-5.68491	5.13347	4.06595	-0.130105	radar	0.177785	-9.04115	-5.69364	-8.95469	-5.51417	-3.43377	-3.71901
1477010458000000	-9.05594	-5.86949	5.11673	4.05066	-0.143505	lidar	0.016854	-9.03391	-5.80267	-9.12788	-5.69872	-3.49012	-3.65955
1477010458050000	-9.19019	-6.03929	5.04824	4.05044	-0.119647	radar	4.29225	-8.86897	-5.41973	-9.30388	-5.88026	-3.54643	-3.59823
1477010458100000	-9.38031	-6.13797	4.97083	3.99457	-0.195068	lidar	0.119946	-9.30811	-5.82368	-9.4827	-6.05868	-3.60261	-3.53503
1477010458150000	-9.5538	-6.32263	4.97033	3.98189	-0.196812	radar	0.769599	-9.80646	-6.41174	-9.66432	-6.23389	-3.6586	-3.46994
1477010458200000	-9.69258	-6.53038	4.97553	3.99214	-0.166958	lidar	0.282082	-9.62547	-6.55958	-9.84874	-6.4058	-3.71431	-3.40295
1477010458250000	-9.92037	-6.68151	5.00116	3.93966	-0.240504	radar	2.49187	-10.6688	-6.35543	-10.0359	-6.57431	-3.76969	-3.33404
1477010458300000	-10.128	-6.83805	5.00346	3.90639	-0.271747	lidar	0.553982	-10.2246	-6.83402	-10.2259	-6.73933	-3.82463	-3.26321
1477010458350000	-10.3146	-6.9969	5.00452	3.88387	-0.288087	radar	0.635249	-10.2205	-6.71044	-10.4186	-6.90075	-3.87907	-3.19046
1477010458400000	-10.5451	-7.16877	5.04127	3.85341	-0.310418	lidar	2.5209	-10.7616	-7.29159	-10.614	-7.05849	-3.93293	-3.11577
1477010458450000	-10.7556	-7.30394	5.03761	3.8181	-0.341584	radar	0.222418	-10.8944	-6.83335	-10.8121	-7.21245	-3.98613	-3.03916
1477010458500000	-11.001	-7.45874	5.0742	3.78236	-0.367523	lidar	2.64181	-11.2219	-7.56979	-11.0128	-7.36252	-4.03859	-2.96062
1477010458550000	-11.1944	-7.5948	5.04383	3.76269	-0.369283	radar	1.04479	-10.986	-7.3707	-11.2161	-7.50862	-4.09021	-2.88015
1477010458600000	-11.3386	-7.75854	5.0077	3.77518	-0.325362	lidar	3.34198	-11.0934	-7.6776	-11.422	-7.65064	-4.14093	-2.79777
1477010458650000	-11.539	-7.88073	4.98109	3.74903	-0.340334	radar	1.27701	-11.4213	-7.46085	-11.6304	-7.78849	-4.19066	-2.71349
1477010458700000	-11.7202	-7.98701	4.93602	3.72487	-0.352893	lidar	1.86548	-11.5269	-7.8215	-11.8413	-7.92208	-4.23932	-2.6273
1477010458750000	-11.9213	-8.09411	4.88183	3.69645	-0.370013	radar	0.133712	-11.9422	-7.88317	-12.0546	-8.05131	-4.28682	-2.53924
1477010458800000	-12.1369	-8.18428	4.86447	3.65829	-0.399622	lidar	0.0816549	-12.09	-8.08828	-12.2702	-8.17609	-4.33309	-2.44932
1477010458850000	-12.3624	-8.30723	4.9125	3.63907	-0.393815	radar	0.0716346	-12.4462	-8.02117	-12.4881	-8.29633	-4.37802	-2.35756
1477010458900000	-12.5651	-8.3896	4.87975	3.60793	-0.412139	lidar	0.981859	-12.4231	-8.2599	-12.7082	-8.41193	-4.42156	-2.26399
1477010458950000	-12.7807	-8.46503	4.8347	3.56903	-0.445076	radar	0.387827	-12.7461	-8.19449	-12.9304	-8.5228	-4.4636	-2.16863
1477010459000000	-13.0513	-8.55522	4.88045	3.52835	-0.469292	lidar	3.09168	-13.2911	-8.64594	-13.1547	-8.62886	-4.50407	-2.07151
1477010459050000	-13.2994	-8.65066	4.92285	3.50616	-0.45971	radar	1.2228	-13.7929	-8.47158	-13.381	-8.73002	-4.54289	-1.97267
1477010459100000	-13.5186	-8.69981	4.8947	3.4677	-0.483789	lidar	0.870745	-13.384	-8.57583	-13.6092	-8.82619	-4.57997	-1.87214
1477010459150000	-13.7481	-8.72345	4.84399	3.40891	-0.547874	radar	1.37162	-13.6376	-8.26344	-13.8392	-8.91729	-4.61524	-1.76997
1477010459200000	-13.9625	-8.85127	4.84917	3.42161	-0.490025	lidar	0.020966	-13.9959	-8.99264	-14.0709	-9.00324	-4.64861	-1.6662
1477010459250000	-14.2077	-8.94721	4.90464	3.42311	-0.433115	radar	0.281225	-14.4737	-8.79552	-14.3043	-9.08395	-4.68001	-1.56086
1477010459300000	-14.4227	-9.07212	4.90092	3.43752	-0.382046	lidar	-0.00324083	-14.4273	-9.1875	-14.5391	-9.15936	-4.70936	-1.45402
1477010459350000	-14.653	-9.14179	4.88949	3.41739	-0.387433	radar	0.0108734	-14.5757	-9.32634	-14.7754	-9.22939	-4.73658	-1.34573
1477010459400000	-14.9361	-9.13428	4.92306	3.35041	-0.453268	lidar	0.972802	-15.062	-9.04396	-15.013	-9.29397	-4.76161	-1.23603
1477010459450000	-15.1911	-9.21083	4.94979	3.3423	-0.428388	radar	4.41185	-15.6189	-9.69365	-15.2517	-9.35302	-4.78436	-1.125
1477010459500000	-15.4462	-9.33957	4.98199	3.36275	-0.367473	lidar	2.31661	-15.6682	-9.56749	-15.4916	-9.40649	-4.80476	-1.01269
1477010459550000	-15.6926	-9.36379	4.95656	3.31862	-0.420826	radar	0.453592	-15.9382	-9.35751	-15.7324	-9.45431	-4.82275	-0.899159
1477010459600000	-15.945	-9.4568	4.97553	3.32425	-0.382123	lidar	0.940586	-16.0862	-9.59819	-15.9741	-9.49642	-4.83827	-0.784484
1477010459650000	-16.1992	-9.45967	4.96664	3.27558	-0.43485	radar	0.0293021	-16.6033	-8.85459	-16.2164	-9.53277	-4.85124	-0.668734
1477010459700000	-16.4515	-9.45102	4.96915	3.23212	-0.465273	lidar	0.0282089	-16.4229	-9.37029	-16.4594	-9.5633	-4.8616	-0.55198
1477010459750000	-16.6761	-9.44222	4.93045	3.18986	-0.504193	radar	4.65111	-16.011	-9.33486	-16.7027	-9.58797	-4.8693	-0.434301
1477010459800000	-16.9552	-9.42906	4.9677	3.14979	-0.522383	lidar	1.344	-17.1132	-9.43043	-16.9464	-9.60673	-4.87427	-0.315773
1477010459850000	-17.2035	-9.49874	4.98076	3.17024	-0.443127	radar	2.49292	-16.9255	-10.8571	-17.1903	-9.61954	-4.87646	-0.196479
1477010459900000	-17.4619	-9.52022	4.9923	3.15638	-0.431027	lidar	0.342357	-17.5448	-9.57485	-17.4342	-9.62636	-4.87583	-0.0765024
1477010459950000	-17.7201	-9.50627	4.99422	3.11959	-0.462954	radar	1.10673	-18.1371	-9.39146	-17.6781	-9.62717	-4.87232	0.0440703
1477010460000000	-17.9745	-9.47291	5.00193	3.0833	-0.480423	lidar	-0.000298906	-17.9724	-9.42299	-17.9216	-9.62194	-4.86588	0.165151
1477010460050000	-18.2212	-9.42849	4.9925	3.03695	-0.525447	radar	0.0164424	-18.3083	-9.18778	-18.1648	-9.61064	-4.85648	0.286648
1477010460100000	-18.4269	-9.47864	4.93384	3.05217	-0.473323	lidar	1.28745	-18.2763	-9.60997	-18.4074	-9.59325	-4.84408	0.40847
1477010460150000	-18.6636	-9.46753	4.93024	3.04321	-0.441159	radar	1.13222	-18.2443	-9.58547	-18.6493	-9.56977	-4.82864	0.530522
1477010460200000	-18.9113	-9.46221	4.93011	3.03212	-0.426342	lidar	0.0888434	-18.9545	-9.51544	-18.8904	-9.54017	-4.81012	0.652707
1477010460250000	-19.1423	-9.4235	4.92204	3.01133	-0.417308	radar	3.73977	-18.6983	-9.02886	-19.1305	-9.50447	-4.78851	0.774927
1477010460300000	-19.3862	-9.30033	4.94241	2.94591	-0.476207	lidar	0.340174	-19.2983	-9.09865	-19.3694	-9.46265	-4.76378	0.897083
1477010460350000	-19.6215	-9.21758	4.93524	2.89601	-0.528564	radar	0.131753	-19.7037	-8.79906	-19.6069	-9.41472	-4.73591	1.01907
1477010460400000	-19.8693	-9.09415	4.96366	2.84031	-0.565677	lidar	0.0022777	-19.8731	-8.96417	-19.8431	-9.36071	-4.70487	1.1408
1477010460450000	-20.1064	-8.9928	4.97583	2.80405	-0.568812	radar	0.702502	-20.3815	-7.6755	-20.0775	-9.30061	-4.67066	1.26215
1477010460500000	-20.2909	-9.12253	4.84254	2.87374	-0.451618	lidar	1.03436	-20.1607	-9.59663	-20.3102	-9.23446	-4.63328	1.38303
1477010460550000	-20.5304	-9.08065	4.84441	2.86784	-0.422136	radar	0.537736	-20.4587	-9.7448	-20.5409	-9.16227	-4.59271	1.50334
1477010460600000	-20.7504	-8.98636	4.84145	2.83325	-0.440028	lidar	0.415389	-20.6596	-8.91527	-20.7696	-9.08409	-4.54895	1.62296
1477010460650000	-20.9916	-8.90358	4.85463	2.80507	-0.454577	radar	1.55719	-21.5568	-8.5005	-20.9959	-8.99994	-4.50202	1.74179
1477010460700000	-21.1896	-8.83503	4.8152	2.7858	-0.452547	lidar	1.5105	-21.0195	-8.85081	-21.2198	-8.90987	-4.45191	1.85972
1477010460750000	-21.4227	-8.74408	4.823	2.7559	-0.472434	radar	1.54672	-21.8628	-8.64129	-21.4412	-8.81393	-4.39865	1.97666
1477010460800000	-21.6192	-8.71938	4.76132	2.76062	-0.439267	lidar	0.732699	-21.5029	-8.87191	-21.6597	-8.71217	-4.34224	2.0925
1477010460850000	-21.8121	-8.56225	4.74939	2.67925	-0.562545	radar	0.914152	-21.9514	-7.41274	-21.8754	-8.60465	-4.2827	2.20712
1477010460900000	-22.0143	-8.48859	4.72137	2.66584	-0.545117	lidar	0.0675393	-21.9793	-8.57089	-22.0881	-8.49143	-4.22007	2.32043
1477010460950000	-22.2251	-8.38066	4.72843	2.65223	-0.506002	radar	0.753375	-22.1914	-7.70392	-22.2975	-8.37258	-4.15437	2.43232
1477010461000000	-22.4526	-8.28931	4.737	2.6401	-0.488549	lidar	0.8857	-22.5838	-8.35296	-22.5035	-8.24817	-4.08564	2.5427
1477010461050000	-22.6456	-8.16681	4.7244	2.60474	-0.514052	radar	0.325041	-22.3177	-8.57758	-22.7061	-8.11829	-4.01391	2.65145
1477010461100000	-22.8711	-7.9375	4.81668	2.53839	-0.559487	lidar	0.712697	-22.9861	-7.6724	-22.9049	-7.98301	-3.93923	2.75848
1477010461150000	-23.0619	-7.7839	4.81454	2.4838	-0.628761	radar	1.49715	-23.2693	-8.32031	-23.1	-7.84243	-3.86163	2.8637
1477010461200000	-23.2833	-7.61364	4.86182	2.45124	-0.626408	lidar	1.96946	-23.4777	-7.56583	-23.2911	-7.69663	-3.78118	2.967
1477010461250000	-23.4852	-7.47871	4.86687	2.45496	-0.540925	radar	0.201474	-23.473	-7.02103	-23.4781	-7.54572	-3.69792	3.06828
1477010461300000	-23.6518	-7.33281	4.84045	2.42757	-0.543578	lidar	0.642161	-23.5408	-7.36069	-23.6609	-7.3898	-3.61191	3.16746
1477010461350000	-23.8429	-7.17495	4.85016	2.4118	-0.513991	radar	0.0156884	-24.0505	-6.56968	-23.8393	-7.22897	-3.52321	3.26445
1477010461400000	-24.0086	-7.07632	4.78631	2.4061	-0.494911	lidar	0.259051	-23.9384	-7.26171	-24.0132	-7.06336	-3.43189	3.35916
1477010461450000	-24.1753	-6.89326	4.79361	2.36525	-0.527184	radar	0.060525	-24.3577	-5.94086	-24.1825	-6.89307	-3.33801	3.45149
1477010461500000	-24.331	-6.64936	4.84452	2.31041	-0.558235	lidar	0.28275	-24.2574	-6.4352	-24.347	-6.71823	-3.24166	3.54138
1477010461550000	-24.4982	-6.4729	4.84498	2.27575	-0.58609	radar	2.48354	-24.788	-7.18367	-24.5066	-6.53896	-3.14289	3.62873
1477010461600000	-24.6001	-6.32354	4.76793	2.24403	-0.595057	lidar	4.67581	-24.3008	-6.43799	-24.6612	-6.35538	-3.0418	3.71347
1477010461650000	-24.7418	-6.13336	4.7665	2.2146	-0.590796	radar	0.281718	-24.6108	-6.00878	-24.8107	-6.16764	-2.93846	3.79553
1477010461700000	-24.9214	-5.93634	4.80218	2.19529	-0.575574	lidar	2.63666	-25.146	-5.91902	-24.955	-5.97587	-2.83295	3.87484
1477010461750000	-25.0525	-5.732	4.80509	2.16698	-0.565687	radar	1.0325	-24.8975	-5.02285	-25.094	-5.7802	-2.72537	3.95132
1477010461800000	-25.1864	-5.55849	4.78009	2.14672	-0.558045	lidar	0.00332777	-25.1941	-5.64372	-25.2276	-5.58079	-2.61581	4.02492
1477010461850000	-25.3409	-5.3733	4.78371	2.14743	-0.492547	radar	0.518545	-25.5328	-5.4399	-25.3556	-5.37777	-2.50435	4.09557
1477010461900000	-25.484	-5.15553	4.81061	2.12356	-0.489658	lidar	0.397802	-25.5713	-5.10241	-25.4779	-5.1713	-2.39109	4.16322
1477010461950000	-25.617	-4.97525	4.79145	2.12503	-0.426877	radar	0.563626	-25.0178	-6.55904	-25.5946	-4.96152	-2.27613	4.22781
1477010462000000	-25.7345	-4.80055	4.75574	2.10903	-0.422775	lidar	0.0795699	-25.6952	-4.89995	-25.7055	-4.7486	-2.15956	4.2893
1477010462050000	-25.8541	-4.59425	4.75717	2.08998	-0.415552	radar	0.05393	-25.8162	-4.40681	-25.8105	-4.53268	-2.04149	4.34764
1477010462100000	-25.9662	-4.35849	4.785	2.06138	-0.423435	lidar	0.0119012	-25.9516	-4.26659	-25.9096	-4.31392	-1.92202	4.40279
1477010462150000	-26.0725	-4.13739	4.79005	2.00505	-0.529364	radar	8.17487	-26.8953	-4.43966	-26.0027	-4.0925	-1.80125	4.45471
1477010462200000	-26.1605	-3.86254	4.84613	1.96289	-0.545235	lidar	0.0912188	-26.1198	-3.67723	-26.0897	-3.86856	-1.67928	4.50337
1477010462250000	-26.2331	-3.62655	4.85012	1.9026	-0.63488	radar	1.37586	-26.5652	-3.85723	-26.1706	-3.64227	-1.55623	4.54875
1477010462300000	-26.2587	-3.35983	4.8646	1.84649	-0.662917	lidar	3.61191	-25.9974	-3.24722	-26.2453	-3.41381	-1.4322	4.59081
1477010462350000	-26.309	-3.11861	4.86742	1.7997	-0.695773	radar	0.00967821	-26.2976	-3.01078	-26.3138	-3.18332	-1.30729	4.62954
1477010462400000	-26.3307	-2.87915	4.85589	1.75409	-0.709384	lidar	1.2933	-26.1741	-2.87885	-26.376	-2.95098	-1.18162	4.66493
1477010462450000	-26.3916	-2.65337	4.84628	1.73845	-0.665713	radar	0.351797	-26.4681	-3.44967	-26.4319	-2.71697	-1.05529	4.69696
1477010462500000	-26.4687	-2.4861	4.77721	1.72878	-0.644634	lidar	2.24567	-26.674	-2.73852	-26.4815	-2.48143	-0.928411	4.72562
1477010462550000	-26.5261	-2.25071	4.78127	1.71973	-0.587479	radar	0.116409	-26.657	-1.72382	-26.5247	-2.24456	-0.80109	4.75091
1477010462600000	-26.5764	-2.04887	4.74551	1.70056	-0.578626	lidar	0.457687	-26.6691	-2.17333	-26.5616	-2.0065	-0.673434	4.77284
1477010462650000	-26.6085	-1.81084	4.74698	1.68674	-0.532486	radar	1.0664	-26.3248	-1.32261	-26.5921	-1.76744	-0.545553	4.79141
1477010462700000	-26.6062	-1.56519	4.75141	1.64921	-0.544972	lidar	1.02441	-26.4671	-1.53207	-26.6161	-1.52753	-0.417552	4.80664
1477010462750000	-26.6024	-1.33343	4.74349	1.60276	-0.593519	radar	0.0323279	-26.4998	-2.19526	-26.6338	-1.28695	-0.289538	4.81852
1477010462800000	-26.6055	-1.10638	4.7311	1.57328	-0.594128	lidar	0.00170325	-26.5998	-1.14277	-26.6451	-1.04586	-0.161616	4.8271
1477010462850000	-26.6358	-0.878777	4.72504	1.56141	-0.564292	radar	4.25205	-27.2008	-1.67679	-26.65	-0.804425	-0.0338883	4.83238
1477010462900000	-26.647	-0.63282	4.74007	1.53941	-0.555972	lidar	0.413616	-26.7355	-0.59539	-26.6485	-0.562811	0.0935412	4.83439
1477010462950000	-26.6336	-0.392544	4.74855	1.49715	-0.600229	radar	1.36982	-26.9891	0.0351487	-26.6406	-0.321181	0.220572	4.83317
1477010463000000	-26.5871	-0.10995	4.8038	1.45656	-0.609236	lidar	0.921035	-26.4553	0.0602653	-26.6264	-0.0796947	0.347104	4.82874
1477010463050000	-26.5682	0.128133	4.80623	1.42703	-0.616005	radar	1.70274	-26.9537	0.136943	-26.6059	0.161489	0.473041	4.82116
1477010463100000	-26.5447	0.410148	4.86291	1.4025	-0.604954	lidar	0.301862	-26.6201	0.57588	-26.5792	0.402213	0.598287	4.81045
1477010463150000	-26.5337	0.648564	4.85652	1.39974	-0.542891	radar	1.00809	-26.8241	0.381506	-26.5462	0.642323	0.722748	4.79667
1477010463200000	-26.5281	0.924517	4.90241	1.38899	-0.520826	lidar	2.14706	-26.7293	1.06082	-26.5069	0.881666	0.846334	4.77986
1477010463250000	-26.4906	1.18034	4.91389	1.38829	-0.446451	radar	2.00861	-25.9562	2.60409	-26.4616	1.12009	0.968955	4.76007
1477010463300000	-26.4362	1.42137	4.91455	1.36321	-0.449619	lidar	0.0747218	-26.3986	1.42212	-26.4101	1.35745	1.09053	4.73737
1477010463350000	-26.3961	1.64393	4.88961	1.35147	-0.424196	radar	0.057091	-26.5072	-0.563928	-26.3526	1.59361	1.21096	4.71181
1477010463400000	-26.3434	1.8628	4.86558	1.33024	-0.425273	lidar	0.0136122	-26.3594	1.79315	-26.2891	1.82841	1.33018	4.68345
1477010463450000	-26.2733	2.09357	4.86411	1.29633	-0.458532	radar	0.026597	-26.3475	1.82827	-26.2197	2.06173	1.44811	4.65235
1477010463500000	-26.212	2.29624	4.82509	1.27387	-0.459515	lidar	0.0771205	-26.2502	2.18481	-26.1444	2.29342	1.56467	4.61859
1477010463550000	-26.1486	2.52638	4.81989	1.26482	-0.421734	radar	0.104476	-26.069	2.27896	-26.0633	2.52336	1.67979	4.58223
1477010463600000	-26.0721	2.76639	4.83397	1.24418	-0.420666	lidar	0.0033981	-26.0641	2.80701	-25.9765	2.75141	1.79339	4.54334
1477010463650000	-25.9747	2.98764	4.83895	1.19176	-0.508267	radar	1.2937	-26.3234	3.02388	-25.8841	2.97746	1.90543	4.502
1477010463700000	-25.8748	3.25627	4.89622	1.16836	-0.503638	lidar	0.0860173	-25.8345	3.42005	-25.7861	3.20139	2.01582	4.45828
1477010463750000	-25.792	3.48462	4.89815	1.14761	-0.502503	radar	2.04391	-26.1824	3.73376	-25.6826	3.42306	2.12452	4.41227
1477010463800000	-25.6852	3.69093	4.88044	1.11919	-0.50721	lidar	0.0183066	-25.6666	3.63509	-25.5737	3.64239	2.23146	4.36404
1477010463850000	-25.5682	3.89942	4.87321	1.08638	-0.523126	radar	0.111074	-25.5773	3.13316	-25.4596	3.85924	2.3366	4.31367
1477010463900000	-25.499	4.08873	4.82682	1.07348	-0.509597	lidar	3.30565	-25.7492	3.99968	-25.3402	4.07353	2.43989	4.26125
1477010463950000	-25.3756	4.29242	4.82163	1.0437	-0.517365	radar	0.137124	-25.3516	3.75691	-25.2157	4.28514	2.54127	4.20686
1477010464000000	-25.2155	4.5052	4.84381	1.00597	-0.530467	lidar	1.98672	-25.0214	4.52803	-25.0863	4.49399	2.64071	4.15058
1477010464050000	-25.0655	4.70358	4.83835	0.98659	-0.492521	radar	8.23238	-24.2719	4.30917	-24.9518	4.69998	2.73817	4.09251
1477010464100000	-24.9465	4.89956	4.82601	0.967005	-0.487088	lidar	0.425294	-25.0363	4.88499	-24.8126	4.90303	2.83361	4.03273
1477010464150000	-24.7902	5.09092	4.82719	0.937257	-0.490101	radar	2.30913	-24.3609	4.95947	-24.6686	5.10304	2.92701	3.97132
1477010464200000	-24.6232	5.29901	4.85594	0.908601	-0.493646	lidar	0.746087	-24.5041	5.35293	-24.5201	5.29995	3.01833	3.90839
1477010464250000	-24.451	5.47434	4.86061	0.859347	-0.552613	radar	0.0585868	-24.4379	5.24592	-24.367	5.49367	3.10754	3.84401
1477010464300000	-24.263	5.64571	4.86458	0.820353	-0.566134	lidar	1.13772	-24.1159	5.61152	-24.2095	5.68414	3.19464	3.77827
1477010464350000	-24.0973	5.80746	4.85368	0.782345	-0.59317	radar	0.601614	-24.5638	4.75836	-24.0477	5.8713	3.27959	3.71127
1477010464400000	-23.9216	5.96836	4.84648	0.750336	-0.596471	lidar	0.00212593	-23.9153	5.94377	-23.8818	6.05508	3.36239	3.64309
1477010464450000	-23.7786	6.16256	4.82649	0.775408	-0.459238	radar	0.175649	-23.5491	6.44495	-23.7117	6.23542	3.44302	3.57383
1477010464500000	-23.611	6.3203	4.81281	0.751794	-0.460873	lidar	0.0681047	-23.6471	6.29102	-23.5377	6.41227	3.52148	3.50357
1477010464550000	-23.4611	6.50092	4.80248	0.755439	-0.402546	radar	1.05186	-23.7544	6.53746	-23.3598	6.58559	3.59775	3.4324
1477010464600000	-23.2432	6.71126	4.87984	0.737285	-0.396238	lidar	2.85115	-23.0099	6.86182	-23.1781	6.75533	3.67185	3.36041
1477010464650000	-23.0458	6.85498	4.87016	0.711314	-0.396147	radar	3.42675	-22.7862	5.74143	-22.9928	6.92146	3.74376	3.28768
1477010464700000	-22.8357	7.02456	4.90075	0.688396	-0.398702	lidar	0.976629	-22.6991	7.063	-22.804	7.08393	3.8135	3.21431
1477010464750000	-22.6224	7.15684	4.90508	0.645734	-0.445521	radar	1.18014	-22.418	6.76159	-22.6117	7.24273	3.88106	3.14038
1477010464800000	-22.4376	7.30507	4.89792	0.627795	-0.440532	lidar	0.261414	-22.5083	7.31524	-22.4161	7.39782	3.94647	3.06598
1477010464850000	-22.2089	7.42358	4.92075	0.565797	-0.53827	radar	0.00255395	-22.0543	7.85452	-22.2173	7.54917	4.00974	2.99118
1477010464900000	-22.0282	7.58669	4.92754	0.557624	-0.515078	lidar	1.44276	-22.1947	7.69478	-22.0154	7.69679	4.07087	2.91607
1477010464950000	-21.8451	7.75956	4.92608	0.573878	-0.424052	radar	0.793395	-21.6178	9.0351	-21.8105	7.84064	4.12989	2.84074
1477010465000000	-21.6383	7.90325	4.93557	0.557305	-0.41786	lidar	0.00405717	-21.6473	7.94	-21.6026	7.98072	4.18681	2.76526
1477010465050000	-21.4462	8.04094	4.92275	0.549612	-0.39124	radar	1.10086	-21.8637	7.78661	-21.392	8.11703	4.24166	2.68971
1477010465100000	-21.2158	8.08383	4.87103	0.495289	-0.436427	lidar	0.87063	-21.0853	7.83229	-21.1787	8.24957	4.29447	2.61417
1477010465150000	-21.0232	8.2475	4.86622	0.524115	-0.320135	radar	-0.0025754	-20.5503	9.28616	-20.9628	8.37833	4.34526	2.53871
1477010465200000	-20.8462	8.40154	4.86159	0.528527	-0.294535	lidar	2.19514	-21.0519	8.50983	-20.7444	8.50333	4.39406	2.46341
1477010465250000	-20.6048	8.50536	4.8911	0.482343	-0.36841	radar	0.824418	-19.9265	9.40847	-20.5237	8.62457	4.4409	2.38835
1477010465300000	-20.36	8.63743	4.93298	0.465901	-0.364821	lidar	1.18321	-20.21	8.68914	-20.3006	8.74206	4.48582	2.31358
1477010465350000	-20.1594	8.77504	4.91984	0.481067	-0.288254	radar	0.12915	-20.2277	8.8532	-20.0753	8.85583	4.52884	2.23919
1477010465400000	-19.9594	8.88035	4.89674	0.467797	-0.287375	lidar	0.565482	-20.0633	8.86724	-19.848	8.96589	4.57001	2.16524
1477010465450000	-19.7564	9.00731	4.88344	0.477628	-0.230468	radar	0.0590748	-19.9264	8.78179	-19.6186	9.07227	4.60937	2.09179
1477010465500000	-19.5337	9.08048	4.8615	0.450438	-0.250312	lidar	0.112378	-19.4861	8.96665	-19.3873	9.17499	4.64694	2.01891
1477010465550000	-19.2934	9.18418	4.88971	0.423554	-0.287065	radar	0.382331	-18.5719	10.2069	-19.1542	9.27409	4.68278	1.94666
1477010465600000	-19.0127	9.26709	4.93586	0.392164	-0.307483	lidar	5.8125	-18.6786	9.19191	-18.9193	9.36959	4.71692	1.8751
1477010465650000	-18.7931	9.35238	4.92568	0.371096	-0.323429	radar	0.885797	-19.2825	8.98189	-18.6827	9.46154	4.7494	1.80429
1477010465700000	-18.5416	9.45001	4.95457	0.355226	-0.322438	lidar	0.725177	-18.4242	9.46852	-18.4446	9.54996	4.78028	1.73429
1477010465750000	-18.2769	9.47306	4.96968	0.283616	-0.440482	radar	2.38773	-18.1634	8.72444	-18.2049	9.63492	4.80959	1.66514
1477010465800000	-17.9933	9.59367	5.04996	0.276687	-0.419176	lidar	2.57981	-17.7736	9.72478	-17.9639	9.71643	4.83737	1.59691
1477010465850000	-17.7497	9.68546	5.049	0.282913	-0.352452	radar	1.02922	-17.2296	9.97767	-17.7214	9.79457	4.86368	1.52964
1477010465900000	-17.4787	9.79139	5.1011	0.277297	-0.335337	lidar	0.981153	-17.3436	9.88109	-17.4777	9.86936	4.88856	1.46338
1477010465950000	-17.2326	9.8647	5.10705	0.260499	-0.339694	radar	0.133027	-17.1554	10.212	-17.2328	9.94087	4.91205	1.39818
1477010466000000	-16.9642	9.98793	5.16295	0.26616	-0.309235	lidar	0.333853	-16.8876	10.145	-16.9868	10.0091	4.93421	1.33408
1477010466050000	-16.711	10.0513	5.1671	0.247776	-0.315446	radar	0.0573107	-16.5958	10.1078	-16.7396	10.0743	4.95507	1.27113
1477010466100000	-16.4626	10.1621	5.19036	0.253068	-0.288389	lidar	0.128772	-16.5153	10.3091	-16.4915	10.1362	4.97469	1.20937
1477010466150000	-16.2079	10.2258	5.19907	0.233273	-0.30528	radar	0.0951686	-16.09	10.5824	-16.2424	10.1952	4.99311	1.14883
1477010466200000	-15.9662	10.2566	5.17287	0.207719	-0.318621	lidar	0.0904389	-16.006	10.1843	-15.9924	10.2511	5.01039	1.08956
1477010466250000	-15.7182	10.3233	5.16786	0.205755	-0.287394	radar	0.0373987	-15.7234	10.41	-15.7416	10.3041	5.02655	1.03159
1477010466300000	-15.4883	10.3232	5.11814	0.172069	-0.31267	lidar	0.379769	-15.5699	10.1904	-15.4899	10.3543	5.04166	0.974957
1477010466350000	-15.2003	10.3355	5.16576	0.119991	-0.398605	radar	2.40989	-14.2385	10.9109	-15.2376	10.4016	5.05576	0.919692
1477010466400000	-14.9385	10.392	5.18389	0.111646	-0.383387	lidar	0.000663842	-14.9365	10.4722	-14.9846	10.4462	5.06889	0.865828
1477010466450000	-14.6908	10.4357	5.15149	0.126873	-0.288771	radar	1.91204	-14.724	9.63507	-14.7309	10.4882	5.0811	0.813394
1477010466500000	-14.4414	10.4045	5.12052	0.0857368	-0.324284	lidar	0.0384226	-14.4088	10.222	-14.4766	10.5276	5.09243	0.762418
1477010466550000	-14.1808	10.4316	5.12528	0.0765173	-0.307079	radar	0.320695	-13.9005	10.5238	-14.2218	10.5645	5.10293	0.712926
1477010466600000	-13.8839	10.5812	5.21922	0.117871	-0.230147	lidar	0.423734	-13.8049	10.9383	-13.9665	10.5989	5.11263	0.664944
1477010466650000	-13.6253	10.6496	5.21487	0.142803	-0.146878	radar	0.0756301	-13.3956	10.7857	-13.7107	10.631	5.12159	0.618496
1477010466700000	-13.3716	10.6522	5.19875	0.120983	-0.165737	lidar	0.00842628	-13.3556	10.5517	-13.4545	10.6608	5.12983	0.573603
1477010466750000	-13.108	10.6762	5.20772	0.10453	-0.185831	radar	0.0259643	-12.9374	10.8137	-13.1979	10.6884	5.13741	0.530288
1477010466800000	-12.8534	10.7736	5.22605	0.126074	-0.146674	lidar	0.515743	-12.9591	11.0099	-12.9409	10.7138	5.14436	0.48857
1477010466850000	-12.588	10.8247	5.23763	0.129442	-0.127775	radar	0.013021	-12.2518	11.2495	-12.6836	10.7373	5.15071	0.448467
1477010466900000	-12.3467	10.7957	5.19629	0.0978018	-0.159195	lidar	0.0469521	-12.3713	10.6091	-12.426	10.7587	5.15651	0.409997
1477010466950000	-12.0867	10.8361	5.19715	0.104262	-0.126013	radar	0.032219	-11.9352	10.9161	-12.1681	10.7783	5.16179	0.373177
1477010467000000	-11.8396	10.9021	5.19636	0.115058	-0.104524	lidar	0.546831	-11.9451	11.0515	-11.91	10.7961	5.16658	0.338022
1477010467050000	-11.5634	10.9201	5.21744	0.100466	-0.123984	radar	1.8032	-10.9703	10.9676	-11.6516	10.8121	5.17092	0.304546
1477010467100000	-11.3299	10.9378	5.18446	0.0921573	-0.126322	lidar	0.837524	-11.4548	10.9407	-11.393	10.8265	5.17484	0.272761
1477010467150000	-11.0667	10.8615	5.1948	-0.00426598	-0.334169	radar	0.04861	-11.3472	10.5111	-11.1342	10.8394	5.17836	0.242681
1477010467200000	-10.7796	10.8278	5.21941	-0.0343113	-0.350608	lidar	1.63937	-10.6009	10.6823	-10.8753	10.8509	5.18153	0.214317
1477010467250000	-10.5244	10.8247	5.21145	-0.0445958	-0.334135	radar	0.123091	-10.6563	10.8369	-10.6161	10.8609	5.18435	0.187679
1477010467300000	-10.2876	10.8183	5.18532	-0.0581065	-0.330554	lidar	0.842183	-10.4142	10.8747	-10.3569	10.8697	5.18687	0.162776
1477010467350000	-10.0336	10.8826	5.16137	-0.00232268	-0.165282	radar	0.429471	-9.90413	11.2255	-10.0976	10.8772	5.1891	0.139618
1477010467400000	-9.77508	10.9287	5.17215	0.0102074	-0.137744	lidar	0.154681	-9.83445	11.1032	-9.83809	10.8837	5.19106	0.118212
1477010467450000	-9.53738	10.9128	5.14219	-0.00260528	-0.142096	radar	0.0132258	-10.195	10.3498	-9.57852	10.8891	5.19278	0.0985664
1477010467500000	-9.27922	10.9374	5.14894	0.00143554	-0.127852	lidar	0.0316869	-9.3066	11.0348	-9.31887	10.8936	5.19428	0.0806865
1477010467550000	-9.02861	10.9203	5.13426	-0.0071907	-0.121182	radar	1.06107	-9.2226	10.3527	-9.05915	10.8972	5.19557	0.0645787
1477010467600000	-8.76804	10.95	5.14531	0.000309204	-0.10422	lidar	0.015633	-8.78899	11.0707	-8.79937	10.9001	5.19667	0.050248
1477010467650000	-8.52266	10.9087	5.12393	-0.0224256	-0.126501	radar	2.61744	-8.83914	10.0319	-8.53953	10.9023	5.19759	0.0376992
1477010467700000	-8.34185	10.835	5.02026	-0.0569802	-0.160592	lidar	4.3787	-8.62045	10.6577	-8.27965	10.9039	5.19835	0.0269359
1477010467750000	-8.08661	10.8516	5.02285	-0.0403036	-0.107668	radar	0.168558	-7.91543	11.1157	-8.01974	10.905	5.19896	0.0179617
1477010467800000	-7.77105	10.8881	5.11002	-0.0250256	-0.0819314	lidar	3.53266	-7.51971	11.0005	-7.75979	10.9057	5.19942	0.0107791
1477010467850000	-7.50723	10.8897	5.11491	-0.0137622	-0.0399735	radar	1.28675	-7.25987	10.6458	-7.49981	10.9061	5.19975	0.00539029
1477010467900000	-7.23725	10.8758	5.13123	-0.0198728	-0.0452654	lidar	0.343362	-7.15631	10.815	-7.23983	10.9063	5.19994	0.00179692
1477010467950000	-6.99328	10.9125	5.11105	0.0158634	0.0424571	radar	1.19645	-7.39396	11.0181	-6.97983	10.9064	5.2	-7.84874e-015
